key1=15256.130634 d
key2=
key3=15256.130636 31
key4=15256.130637 41
key5=15256.130638 51
