key1=16250.133833 1
key2=16250.133834 2
key3=16250.133835 3
key4=16250.133836 4
key5=16250.133837 5
