key1=15256.135022 1119
key2=15256.135023 2333
key3=15256.135024 39
key4=15256.135025 49
key5=15256.135026 59
