key1=15256.130634 d
key2=15256.130635 4
key3=15256.130636 [[1]]
key4=15256.130637 41
key5=15256.130638 5
