key1=15256.130634 Coat
key2=15256.130635 Coat
key3=15256.130636 Cat
