key1=15256.130634 dog
key2=15256.130635 cow
key3=15256.130636 Cat
