key1=15256.130634 111
key2=15256.130635 2
key3=15256.130636 3
key4=15256.130637 41
key5=15256.130638 5
