key1=15256.130634 01.01.2000
key2=15256.130635 21
key3=15256.130636 31
key4=15256.130637 41
key5=15256.130638 51
