key1=15256.130634 perro
key2=15256.130635 vaca
key3=15256.130636 Gato
