key1=15256.135022 1
key2=15256.135023 2
key3=15256.135024 3
key4=15256.135025 4
key5=15256.135026 5
